n=299
 1.195328087E-01 1.268084297E+05 1.069396118E+03 2.208261963E+03 1.030160400E+08 7.141486816E+02 7.153568864E-01
 1.195656210E-01 1.258636953E+05 1.481551880E+03 8.018672363E+03 2.430353000E+07 1.342914185E+03 3.420591831E+00
 1.195984259E-01 1.259392500E+05 1.555541748E+03 8.162791504E+03 1.017677900E+07 1.487973267E+03 5.116730690E+00
 1.196312383E-01 1.263581250E+05 1.586825317E+03 6.268334473E+03 6.761319500E+06 1.550456055E+03 6.435627937E+00
 1.196640432E-01 1.267987188E+05 1.604594238E+03 4.268840332E+03 5.503913000E+06 1.588041748E+03 7.635550022E+00
 1.196968555E-01 1.271984297E+05 1.613793945E+03 2.541181641E+03 4.927036000E+06 1.611250977E+03 8.766368866E+00
 1.197296679E-01 1.275281641E+05 1.616751587E+03 1.259906982E+03 4.594776500E+06 1.623920898E+03 9.823054314E+00
 1.197624728E-01 1.277765391E+05 1.615435669E+03 5.214578247E+02 4.409200500E+06 1.630339478E+03 1.081209087E+01
 1.197952852E-01 1.279572891E+05 1.610525635E+03 2.523943939E+02 4.345329500E+06 1.634189209E+03 1.179284191E+01
 1.198280901E-01 1.281075625E+05 1.603157959E+03 1.873165436E+02 4.330561500E+06 1.637454834E+03 1.280804729E+01
 1.198609024E-01 1.282520938E+05 1.594476929E+03 1.746022186E+02 4.314071500E+06 1.640886963E+03 1.386203957E+01
 1.198937148E-01 1.283994688E+05 1.584961304E+03 1.750901337E+02 4.286074500E+06 1.645202759E+03 1.496034527E+01
 1.199265197E-01 1.285516797E+05 1.574769043E+03 1.808651886E+02 4.248563000E+06 1.650577759E+03 1.610722542E+01
 1.199593320E-01 1.287089844E+05 1.563996094E+03 1.893191376E+02 4.203146000E+06 1.656995483E+03 1.730104446E+01
 1.199921370E-01 1.288796484E+05 1.552553711E+03 1.987954102E+02 4.145457250E+06 1.664874023E+03 1.859491348E+01
 1.200249493E-01 1.290567031E+05 1.541109497E+03 2.082083282E+02 4.082739000E+06 1.673008423E+03 1.992621231E+01
 1.200577617E-01 1.292495000E+05 1.529795044E+03 2.172320862E+02 4.007958500E+06 1.681588013E+03 2.134554291E+01
 1.200905666E-01 1.294542344E+05 1.518937500E+03 2.259874420E+02 3.926091750E+06 1.689975342E+03 2.281365395E+01
 1.201233789E-01 1.296788672E+05 1.508841553E+03 2.342954865E+02 3.832409000E+06 1.698042236E+03 2.436314774E+01
 1.201561838E-01 1.299169609E+05 1.499216187E+03 2.425218048E+02 3.733508250E+06 1.705745483E+03 2.595823860E+01
 1.201889962E-01 1.301927109E+05 1.490906128E+03 2.505197449E+02 3.620016750E+06 1.712432617E+03 2.768091583E+01
 1.202218086E-01 1.304684531E+05 1.482596069E+03 2.585177002E+02 3.506525250E+06 1.719119629E+03 2.940359306E+01
 1.202546135E-01 1.307958594E+05 1.475874146E+03 2.665867920E+02 3.375825250E+06 1.724325195E+03 3.128270531E+01
 1.202874258E-01 1.311293594E+05 1.469338989E+03 2.746642456E+02 3.243099250E+06 1.729356567E+03 3.318026733E+01
 1.203202307E-01 1.314554375E+05 1.463094238E+03 2.828548584E+02 3.107693250E+06 1.734073242E+03 3.503158951E+01
 1.203530431E-01 1.317577344E+05 1.457782104E+03 2.914089661E+02 2.963667500E+06 1.737779419E+03 3.673443222E+01
 1.203858554E-01 1.320600156E+05 1.452469849E+03 2.999630432E+02 2.819642000E+06 1.741485596E+03 3.843727493E+01
 1.204186603E-01 1.323418594E+05 1.447360474E+03 3.086490479E+02 2.673143500E+06 1.745003784E+03 4.005134964E+01
 1.204514727E-01 1.325642031E+05 1.442840454E+03 3.177181702E+02 2.519448500E+06 1.747975342E+03 4.140724182E+01
 1.204842776E-01 1.327865469E+05 1.438320312E+03 3.267873230E+02 2.365753750E+06 1.750947021E+03 4.276313019E+01
 1.205170900E-01 1.330088906E+05 1.433800171E+03 3.358564453E+02 2.212058750E+06 1.753918579E+03 4.411902237E+01
 1.205499023E-01 1.333272812E+05 1.431094604E+03 3.427275391E+02 2.094054125E+06 1.755633545E+03 4.573949051E+01
 1.205827072E-01 1.336550312E+05 1.428565796E+03 3.493843689E+02 1.979524500E+06 1.757225952E+03 4.738578796E+01
 1.206155196E-01 1.339827969E+05 1.426037109E+03 3.560411682E+02 1.864995000E+06 1.758818481E+03 4.903208542E+01
 1.206483245E-01 1.343105469E+05 1.423508301E+03 3.626979980E+02 1.750465375E+06 1.760410889E+03 5.067838287E+01
 1.206811368E-01 1.347228906E+05 1.421222046E+03 3.692283630E+02 1.639650000E+06 1.761815186E+03 5.262561417E+01
 1.207139492E-01 1.355918594E+05 1.420244141E+03 3.750762329E+02 1.548849750E+06 1.762203613E+03 5.619744492E+01
 1.207467541E-01 1.364608125E+05 1.419266113E+03 3.809241333E+02 1.458049375E+06 1.762592041E+03 5.976927185E+01
 1.207795665E-01 1.373297812E+05 1.418288208E+03 3.867720032E+02 1.367249000E+06 1.762980347E+03 6.334110260E+01
 1.208123714E-01 1.381987500E+05 1.417310303E+03 3.926199036E+02 1.276448625E+06 1.763368774E+03 6.691293335E+01
 1.208451837E-01 1.393863906E+05 1.417137573E+03 3.981972656E+02 1.199373750E+06 1.763146973E+03 7.149608612E+01
 1.208779961E-01 1.410491250E+05 1.418165161E+03 4.033716125E+02 1.142738375E+06 1.762015503E+03 7.758705902E+01
 1.209108010E-01 1.427118594E+05 1.419192749E+03 4.085459595E+02 1.086103125E+06 1.760884033E+03 8.367802429E+01
 1.209436134E-01 1.443746094E+05 1.420220215E+03 4.137202759E+02 1.029467750E+06 1.759752441E+03 8.976899719E+01
 1.209764183E-01 1.460373438E+05 1.421247803E+03 4.188946228E+02 9.728324375E+05 1.758620972E+03 9.585996246E+01
 1.210092306E-01 1.482782812E+05 1.423625244E+03 4.243804932E+02 9.316026250E+05 1.756476074E+03 1.035079803E+02
 1.210420430E-01 1.508351562E+05 1.426739990E+03 4.300363464E+02 8.987786250E+05 1.753777466E+03 1.120068741E+02
 1.210748479E-01 1.533920156E+05 1.429854858E+03 4.356922302E+02 8.659546875E+05 1.751078857E+03 1.205057678E+02
 1.211076602E-01 1.559488750E+05 1.432969727E+03 4.413480835E+02 8.331306875E+05 1.748380371E+03 1.290046692E+02
 1.211404651E-01 1.585057500E+05 1.436084595E+03 4.470039673E+02 8.003067500E+05 1.745681763E+03 1.375035553E+02
 1.211732775E-01 1.618990938E+05 1.441052856E+03 4.532323914E+02 7.791006250E+05 1.741492188E+03 1.476887054E+02
 1.212060899E-01 1.653936094E+05 1.446245239E+03 4.595298157E+02 7.592945000E+05 1.737122437E+03 1.580779572E+02
 1.212388948E-01 1.688881250E+05 1.451437622E+03 4.658272705E+02 7.394883125E+05 1.732752563E+03 1.684672089E+02
 1.212717071E-01 1.723826250E+05 1.456629883E+03 4.721246948E+02 7.196821250E+05 1.728382812E+03 1.788564606E+02
 1.213045120E-01 1.759624219E+05 1.461953369E+03 4.783592224E+02 7.006979375E+05 1.723838013E+03 1.893224792E+02
 1.213373244E-01 1.800784375E+05 1.468100830E+03 4.841993408E+02 6.868593750E+05 1.718194092E+03 2.002731171E+02
 1.213701367E-01 1.841944531E+05 1.474248291E+03 4.900394592E+02 6.730208125E+05 1.712550171E+03 2.112237549E+02
 1.214029416E-01 1.883104688E+05 1.480395752E+03 4.958795776E+02 6.591823125E+05 1.706906372E+03 2.221743927E+02
 1.214357540E-01 1.924264844E+05 1.486543213E+03 5.017196960E+02 6.453437500E+05 1.701262451E+03 2.331250305E+02
 1.214685589E-01 1.963143594E+05 1.492240234E+03 5.076156616E+02 6.325401250E+05 1.695924194E+03 2.431843262E+02
 1.215013713E-01 1.998347969E+05 1.497211426E+03 5.136015625E+02 6.214035625E+05 1.691078125E+03 2.518069763E+02
 1.215341836E-01 2.033552344E+05 1.502182739E+03 5.195874634E+02 6.102670000E+05 1.686232178E+03 2.604296265E+02
 1.215669885E-01 2.068756719E+05 1.507153931E+03 5.255733032E+02 5.991304375E+05 1.681386108E+03 2.690522766E+02
 1.215998009E-01 2.103960938E+05 1.512125122E+03 5.315592041E+02 5.879938750E+05 1.676540039E+03 2.776749268E+02
 1.216326058E-01 2.121550000E+05 1.514371826E+03 5.377296753E+02 5.774080000E+05 1.674481323E+03 2.819559937E+02
 1.216654181E-01 2.128704531E+05 1.515004517E+03 5.440091553E+02 5.671476875E+05 1.674073608E+03 2.836651306E+02
 1.216982305E-01 2.135859219E+05 1.515637085E+03 5.502886353E+02 5.568873125E+05 1.673665894E+03 2.853742981E+02
 1.217310354E-01 2.143013906E+05 1.516269775E+03 5.565681152E+02 5.466270000E+05 1.673258179E+03 2.870834656E+02
 1.217638478E-01 2.150168594E+05 1.516902344E+03 5.628476562E+02 5.363666250E+05 1.672850464E+03 2.887926025E+02
 1.217966527E-01 2.114016406E+05 1.509728638E+03 5.634854736E+02 5.229870625E+05 1.679368164E+03 2.797294006E+02
 1.218294650E-01 2.071574844E+05 1.501421265E+03 5.633043213E+02 5.091540938E+05 1.686891724E+03 2.691018066E+02
 1.218622774E-01 2.029133125E+05 1.493113892E+03 5.631231689E+02 4.953211562E+05 1.694415405E+03 2.584741821E+02
 1.218950823E-01 1.986691562E+05 1.484806519E+03 5.629420166E+02 4.814881875E+05 1.701938965E+03 2.478465576E+02
 1.219278947E-01 1.940075469E+05 1.475499756E+03 5.619700928E+02 4.667136250E+05 1.710197144E+03 2.358942108E+02
 1.219606996E-01 1.862346094E+05 1.458747925E+03 5.551092529E+02 4.449257812E+05 1.723929199E+03 2.140732727E+02
 1.219935119E-01 1.784616562E+05 1.441996094E+03 5.482483521E+02 4.231379062E+05 1.737661377E+03 1.922523346E+02
 1.220263243E-01 1.706887188E+05 1.425244263E+03 5.413875122E+02 4.013500625E+05 1.751393433E+03 1.704313965E+02
 1.220591292E-01 1.629157812E+05 1.408492554E+03 5.345266724E+02 3.795621875E+05 1.765125610E+03 1.486104584E+02
 1.220919415E-01 1.557040000E+05 1.392330688E+03 5.285817261E+02 3.585494375E+05 1.777992310E+03 1.274398651E+02
 1.221247464E-01 1.494720625E+05 1.377196655E+03 5.242363281E+02 3.388876250E+05 1.789348633E+03 1.074016495E+02
 1.221575588E-01 1.432401250E+05 1.362062744E+03 5.198909302E+02 3.192258125E+05 1.800704834E+03 8.736343384E+01
 1.221903712E-01 1.370081875E+05 1.346928833E+03 5.155455322E+02 2.995640000E+05 1.812061157E+03 6.732521820E+01
 1.222231761E-01 1.307762578E+05 1.331794922E+03 5.112001343E+02 2.799021562E+05 1.823417358E+03 4.728700256E+01
 1.222559884E-01 1.268622812E+05 1.321849854E+03 5.098415222E+02 2.678004375E+05 1.830502441E+03 3.408995819E+01
 1.222887933E-01 1.244366953E+05 1.315236084E+03 5.104010010E+02 2.605518750E+05 1.834845215E+03 2.528507042E+01
 1.223216057E-01 1.220111016E+05 1.308622314E+03 5.109604797E+02 2.533033281E+05 1.839187988E+03 1.648018265E+01
 1.223544180E-01 1.195855078E+05 1.302008667E+03 5.115199585E+02 2.460547812E+05 1.843530762E+03 7.675294399E+00
 1.223872229E-01 1.171599141E+05 1.295394897E+03 5.120794678E+02 2.388062344E+05 1.847873535E+03 -1.129593611E+00
 1.224200353E-01 1.165362812E+05 1.293548950E+03 5.153287964E+02 2.372743438E+05 1.848932495E+03 -3.378720284E+00
 1.224528402E-01 1.162206641E+05 1.292517700E+03 5.190379028E+02 2.367195000E+05 1.849430176E+03 -4.507573128E+00
 1.224856526E-01 1.159050469E+05 1.291486572E+03 5.227470093E+02 2.361646562E+05 1.849927856E+03 -5.636425972E+00
 1.225184649E-01 1.155894375E+05 1.290455322E+03 5.264561157E+02 2.356098125E+05 1.850425537E+03 -6.765278816E+00
 1.225512698E-01 1.153234062E+05 1.289570679E+03 5.303153687E+02 2.351403750E+05 1.850845459E+03 -7.697499752E+00
 1.225840822E-01 1.155090078E+05 1.290019897E+03 5.355381470E+02 2.354525156E+05 1.850556763E+03 -6.839313984E+00
 1.226168871E-01 1.156946094E+05 1.290469116E+03 5.407609253E+02 2.357646562E+05 1.850268066E+03 -5.981128216E+00
 1.226496994E-01 1.158802031E+05 1.290918335E+03 5.459837036E+02 2.360767969E+05 1.849979370E+03 -5.122942448E+00
 1.226825118E-01 1.160658047E+05 1.291367676E+03 5.512064819E+02 2.363889375E+05 1.849690552E+03 -4.264756680E+00
 1.227153167E-01 1.162358594E+05 1.291782959E+03 5.564979858E+02 2.366996406E+05 1.849423950E+03 -3.470623970E+00
 1.227481291E-01 1.163765625E+05 1.292134277E+03 5.619207153E+02 2.370078906E+05 1.849198730E+03 -2.797409058E+00
 1.227809340E-01 1.165172656E+05 1.292485718E+03 5.673433838E+02 2.373161406E+05 1.848973633E+03 -2.124194145E+00
 1.228137463E-01 1.166579766E+05 1.292837036E+03 5.727661133E+02 2.376244062E+05 1.848748535E+03 -1.450979352E+00
 1.228465587E-01 1.167986797E+05 1.293188477E+03 5.781888428E+02 2.379326562E+05 1.848523438E+03 -7.777645588E-01
 1.228793636E-01 1.168818672E+05 1.293386108E+03 5.836559448E+02 2.382505625E+05 1.848399170E+03 -3.460601270E-01
 1.229121760E-01 1.169250703E+05 1.293476685E+03 5.891538696E+02 2.385751562E+05 1.848344971E+03 -8.223364502E-02
 1.229449809E-01 1.169682656E+05 1.293567383E+03 5.946518555E+02 2.388997500E+05 1.848290771E+03 1.815928370E-01
 1.229777932E-01 1.170114688E+05 1.293657959E+03 6.001498413E+02 2.392243594E+05 1.848236572E+03 4.454193115E-01
 1.230106056E-01 1.170546719E+05 1.293748657E+03 6.056477661E+02 2.395489531E+05 1.848182373E+03 7.092458010E-01
 1.230434105E-01 1.170692500E+05 1.293759399E+03 6.111787720E+02 2.398845000E+05 1.848179443E+03 8.520182967E-01
 1.230762228E-01 1.170781641E+05 1.293754395E+03 6.167163086E+02 2.402221875E+05 1.848186523E+03 9.708377719E-01
 1.231090277E-01 1.170870703E+05 1.293749268E+03 6.222538452E+02 2.405598750E+05 1.848193604E+03 1.089657307E+00
 1.231418401E-01 1.170959844E+05 1.293744263E+03 6.277913818E+02 2.408975625E+05 1.848200806E+03 1.208476782E+00
 1.231746525E-01 1.171048672E+05 1.293739136E+03 6.333305664E+02 2.412363125E+05 1.848208008E+03 1.326929569E+00
 1.232074574E-01 1.171133828E+05 1.293732544E+03 6.388887329E+02 2.415870625E+05 1.848216187E+03 1.440952778E+00
 1.232402697E-01 1.171218906E+05 1.293725952E+03 6.444468384E+02 2.419377969E+05 1.848224487E+03 1.554975986E+00
 1.232730746E-01 1.171303984E+05 1.293719482E+03 6.500049438E+02 2.422885469E+05 1.848232788E+03 1.668999076E+00
 1.233058870E-01 1.171389062E+05 1.293712891E+03 6.555630493E+02 2.426392969E+05 1.848241089E+03 1.783022285E+00
 1.233386993E-01 1.171482656E+05 1.293709229E+03 6.611201172E+02 2.429943281E+05 1.848247559E+03 1.899620295E+00
 1.233715042E-01 1.171593828E+05 1.293711304E+03 6.666751099E+02 2.433582344E+05 1.848250244E+03 2.021559000E+00
 1.234043166E-01 1.171705000E+05 1.293713379E+03 6.722301025E+02 2.437221406E+05 1.848252808E+03 2.143497705E+00
 1.234371215E-01 1.171816094E+05 1.293715576E+03 6.777850952E+02 2.440860312E+05 1.848255493E+03 2.265436172E+00
 1.234699339E-01 1.171927266E+05 1.293717651E+03 6.833400879E+02 2.444499375E+05 1.848258179E+03 2.387374878E+00
 1.235027388E-01 1.172033750E+05 1.293720093E+03 6.888771973E+02 2.448214531E+05 1.848260620E+03 2.504784822E+00
 1.235355511E-01 1.172136719E+05 1.293722656E+03 6.944008789E+02 2.451986719E+05 1.848262817E+03 2.618801832E+00
 1.235683635E-01 1.172239766E+05 1.293725098E+03 6.999246216E+02 2.455758906E+05 1.848265015E+03 2.732818842E+00
 1.236011684E-01 1.172342734E+05 1.293727661E+03 7.054483643E+02 2.459531094E+05 1.848267212E+03 2.846835852E+00
 1.236339808E-01 1.172445703E+05 1.293730225E+03 7.109721069E+02 2.463303125E+05 1.848269531E+03 2.960853100E+00
 1.236667857E-01 1.172535859E+05 1.293732056E+03 7.164442749E+02 2.467185469E+05 1.848272217E+03 3.062888861E+00
 1.236995980E-01 1.172623125E+05 1.293733643E+03 7.219049072E+02 2.471092344E+05 1.848275024E+03 3.162231207E+00
 1.237324104E-01 1.172710391E+05 1.293735229E+03 7.273655396E+02 2.474999375E+05 1.848277832E+03 3.261573553E+00
 1.237652153E-01 1.172797656E+05 1.293736816E+03 7.328261719E+02 2.478906406E+05 1.848280640E+03 3.360916138E+00
 1.237980276E-01 1.172884766E+05 1.293738525E+03 7.382800903E+02 2.482821719E+05 1.848283325E+03 3.459326982E+00
 1.238308325E-01 1.172968750E+05 1.293743042E+03 7.436324463E+02 2.486865312E+05 1.848284180E+03 3.543570757E+00
 1.238636449E-01 1.173052734E+05 1.293747437E+03 7.489847412E+02 2.490908906E+05 1.848285034E+03 3.627814531E+00
 1.238964573E-01 1.173136719E+05 1.293751831E+03 7.543370361E+02 2.494952344E+05 1.848285889E+03 3.712058306E+00
 1.239292622E-01 1.173220625E+05 1.293756348E+03 7.596893921E+02 2.498995938E+05 1.848286743E+03 3.796302080E+00
 1.239620745E-01 1.173308516E+05 1.293763062E+03 7.649865723E+02 2.503081875E+05 1.848286133E+03 3.875683784E+00
 1.239948794E-01 1.173405000E+05 1.293774902E+03 7.701593018E+02 2.507263906E+05 1.848282104E+03 3.944093704E+00
 1.240276918E-01 1.173501562E+05 1.293786865E+03 7.753320923E+02 2.511445781E+05 1.848277954E+03 4.012503624E+00
 1.240605041E-01 1.173598047E+05 1.293798828E+03 7.805048218E+02 2.515627812E+05 1.848273926E+03 4.080913544E+00
 1.240933090E-01 1.173694531E+05 1.293810669E+03 7.856776123E+02 2.519809844E+05 1.848269897E+03 4.149323463E+00
 1.241261214E-01 1.173805781E+05 1.293828979E+03 7.906987915E+02 2.524068750E+05 1.848261597E+03 4.207662106E+00
 1.241589263E-01 1.173928984E+05 1.293852417E+03 7.955970459E+02 2.528390000E+05 1.848249878E+03 4.257840157E+00
 1.241917387E-01 1.174052109E+05 1.293875854E+03 8.004953613E+02 2.532711406E+05 1.848238159E+03 4.308018684E+00
 1.242245510E-01 1.174175312E+05 1.293899292E+03 8.053936768E+02 2.537032656E+05 1.848226440E+03 4.358196735E+00
 1.242573559E-01 1.174298438E+05 1.293922729E+03 8.102919312E+02 2.541354062E+05 1.848214600E+03 4.408374786E+00
 1.242901683E-01 1.174452266E+05 1.293958008E+03 8.148903198E+02 2.545785312E+05 1.848194946E+03 4.441771984E+00
 1.243229732E-01 1.174613750E+05 1.293996216E+03 8.194124756E+02 2.550244375E+05 1.848173340E+03 4.470913410E+00
 1.243557855E-01 1.174775312E+05 1.294034302E+03 8.239346924E+02 2.554703438E+05 1.848151611E+03 4.500054359E+00
 1.243885979E-01 1.174936875E+05 1.294072510E+03 8.284569092E+02 2.559162500E+05 1.848130005E+03 4.529195786E+00
 1.244214028E-01 1.175100391E+05 1.294111450E+03 8.329594116E+02 2.563627500E+05 1.848107788E+03 4.557359695E+00
 1.244542152E-01 1.175308125E+05 1.294166504E+03 8.370213623E+02 2.568223750E+05 1.848074585E+03 4.563748360E+00
 1.244870201E-01 1.175515938E+05 1.294221558E+03 8.410833740E+02 2.572820000E+05 1.848041260E+03 4.570137501E+00
 1.245198324E-01 1.175723672E+05 1.294276611E+03 8.451453247E+02 2.577416250E+05 1.848007935E+03 4.576526165E+00
 1.245526448E-01 1.175931406E+05 1.294331665E+03 8.492073364E+02 2.582012344E+05 1.847974609E+03 4.582914829E+00
 1.245854497E-01 1.176152969E+05 1.294391724E+03 8.531176147E+02 2.586647969E+05 1.847937866E+03 4.582910061E+00
 1.246182621E-01 1.176408359E+05 1.294463989E+03 8.566528931E+02 2.591380469E+05 1.847892334E+03 4.567112923E+00
 1.246510670E-01 1.176663672E+05 1.294536255E+03 8.601882324E+02 2.596113125E+05 1.847846802E+03 4.551315784E+00
 1.246838793E-01 1.176919062E+05 1.294608521E+03 8.637235107E+02 2.600845625E+05 1.847801392E+03 4.535519123E+00
 1.247166917E-01 1.177174453E+05 1.294680786E+03 8.672587891E+02 2.605578125E+05 1.847755859E+03 4.519721985E+00
 1.247494966E-01 1.177451641E+05 1.294761230E+03 8.704848022E+02 2.610375938E+05 1.847704224E+03 4.493987083E+00
 1.247823089E-01 1.177747891E+05 1.294848999E+03 8.734401245E+02 2.615230781E+05 1.847647339E+03 4.459558964E+00
 1.248151138E-01 1.178044062E+05 1.294936646E+03 8.763954468E+02 2.620085469E+05 1.847590454E+03 4.425130844E+00
 1.248479262E-01 1.178340312E+05 1.295024292E+03 8.793507690E+02 2.624940312E+05 1.847533569E+03 4.390703201E+00
 1.248807386E-01 1.178636484E+05 1.295112061E+03 8.823060913E+02 2.629795000E+05 1.847476562E+03 4.356275082E+00
 1.249135435E-01 1.178953203E+05 1.295208740E+03 8.847838135E+02 2.634722812E+05 1.847412476E+03 4.312309742E+00
 1.249463558E-01 1.179275703E+05 1.295308105E+03 8.871256104E+02 2.639670938E+05 1.847346313E+03 4.265633583E+00
 1.249791607E-01 1.179598203E+05 1.295407349E+03 8.894674072E+02 2.644619375E+05 1.847280151E+03 4.218956947E+00
 1.250119805E-01 1.179920703E+05 1.295506592E+03 8.918092651E+02 2.649567812E+05 1.847213989E+03 4.172280788E+00
 1.250447780E-01 1.180243438E+05 1.295606079E+03 8.941361084E+02 2.654517500E+05 1.847147705E+03 4.125501633E+00
 1.250775903E-01 1.180573281E+05 1.295711914E+03 8.958469849E+02 2.659527812E+05 1.847075317E+03 4.074490547E+00
 1.251104027E-01 1.180903125E+05 1.295817871E+03 8.975578613E+02 2.664538125E+05 1.847003052E+03 4.023479462E+00
 1.251432151E-01 1.181232969E+05 1.295923828E+03 8.992687378E+02 2.669548438E+05 1.846930664E+03 3.972468853E+00
 1.251760274E-01 1.181562812E+05 1.296029785E+03 9.009796143E+02 2.674558438E+05 1.846858276E+03 3.921457767E+00
 1.252088249E-01 1.181889766E+05 1.296136108E+03 9.025208740E+02 2.679579062E+05 1.846785156E+03 3.871240854E+00
 1.252416372E-01 1.182208906E+05 1.296243896E+03 9.036011353E+02 2.684627500E+05 1.846709717E+03 3.823176146E+00
 1.252744496E-01 1.182528047E+05 1.296351562E+03 9.046813965E+02 2.689675938E+05 1.846634399E+03 3.775111198E+00
 1.253072619E-01 1.182847188E+05 1.296459351E+03 9.057616577E+02 2.694724375E+05 1.846558960E+03 3.727046251E+00
 1.253400743E-01 1.183166328E+05 1.296567017E+03 9.068419189E+02 2.699772812E+05 1.846483643E+03 3.678981304E+00
 1.253728718E-01 1.183473906E+05 1.296673950E+03 9.076094971E+02 2.704834375E+05 1.846408081E+03 3.634746790E+00
 1.254056841E-01 1.183770469E+05 1.296780029E+03 9.080816040E+02 2.709908125E+05 1.846332275E+03 3.594125509E+00
 1.254384965E-01 1.184067109E+05 1.296886108E+03 9.085537720E+02 2.714981875E+05 1.846256592E+03 3.553504229E+00
 1.254713088E-01 1.184363750E+05 1.296992188E+03 9.090259399E+02 2.720055625E+05 1.846180786E+03 3.512883186E+00
 1.255041063E-01 1.184660312E+05 1.297098267E+03 9.094980469E+02 2.725129688E+05 1.846104980E+03 3.472261906E+00
 1.255369186E-01 1.184937656E+05 1.297201904E+03 9.095493774E+02 2.730220312E+05 1.846030273E+03 3.437771320E+00
 1.255697310E-01 1.185208906E+05 1.297304688E+03 9.094674072E+02 2.735316875E+05 1.845955933E+03 3.405218601E+00
 1.256025434E-01 1.185480234E+05 1.297407471E+03 9.093854370E+02 2.740413125E+05 1.845881592E+03 3.372666121E+00
 1.256353557E-01 1.185751484E+05 1.297510376E+03 9.093035278E+02 2.745509375E+05 1.845807251E+03 3.340113401E+00
 1.256681532E-01 1.186022578E+05 1.297613159E+03 9.092194214E+02 2.750605938E+05 1.845732910E+03 3.307588100E+00
 1.257009655E-01 1.186273516E+05 1.297712280E+03 9.086842041E+02 2.755734375E+05 1.845661377E+03 3.280379295E+00
 1.257337779E-01 1.186524375E+05 1.297811523E+03 9.081489868E+02 2.760862812E+05 1.845589966E+03 3.253170490E+00
 1.257665902E-01 1.186775234E+05 1.297910645E+03 9.076137695E+02 2.765990938E+05 1.845518433E+03 3.225961924E+00
 1.257994026E-01 1.187026094E+05 1.298009888E+03 9.070785522E+02 2.771119375E+05 1.845446899E+03 3.198753119E+00
 1.258322001E-01 1.187273984E+05 1.298108032E+03 9.064682617E+02 2.776262812E+05 1.845376587E+03 3.171802521E+00
 1.258650124E-01 1.187513125E+05 1.298203003E+03 9.056326294E+02 2.781451562E+05 1.845309814E+03 3.145622492E+00
 1.258978248E-01 1.187752266E+05 1.298297974E+03 9.047970581E+02 2.786640000E+05 1.845243042E+03 3.119442701E+00
 1.259306371E-01 1.187991406E+05 1.298393066E+03 9.039614868E+02 2.791828750E+05 1.845176147E+03 3.093262672E+00
 1.259634495E-01 1.188230469E+05 1.298488037E+03 9.031258545E+02 2.797017500E+05 1.845109375E+03 3.067082882E+00
 1.259962469E-01 1.188467656E+05 1.298579956E+03 9.022366943E+02 2.802259062E+05 1.845046509E+03 3.039443016E+00
 1.260290593E-01 1.188702734E+05 1.298668823E+03 9.012928467E+02 2.807554688E+05 1.844987549E+03 3.010315180E+00
 1.260618716E-01 1.188937891E+05 1.298757568E+03 9.003490601E+02 2.812850312E+05 1.844928589E+03 2.981187105E+00
 1.260946840E-01 1.189173047E+05 1.298846313E+03 8.994052124E+02 2.818145938E+05 1.844869507E+03 2.952059269E+00
 1.261274964E-01 1.189408125E+05 1.298935059E+03 8.984614258E+02 2.823441562E+05 1.844810547E+03 2.922931194E+00
 1.261602938E-01 1.189643516E+05 1.299016235E+03 8.975891724E+02 2.828858750E+05 1.844760742E+03 2.889741898E+00
 1.261931062E-01 1.189878984E+05 1.299094604E+03 8.967420044E+02 2.834318750E+05 1.844714111E+03 2.855129719E+00
 1.262259185E-01 1.190114375E+05 1.299172974E+03 8.958947754E+02 2.839778750E+05 1.844667480E+03 2.820517540E+00
 1.262587309E-01 1.190349844E+05 1.299251465E+03 8.950476074E+02 2.845238750E+05 1.844620850E+03 2.785905361E+00
 1.262915432E-01 1.190585234E+05 1.299329834E+03 8.942004395E+02 2.850698438E+05 1.844574219E+03 2.751293182E+00
 1.263243407E-01 1.190822031E+05 1.299392212E+03 8.936178589E+02 2.856376562E+05 1.844544922E+03 2.710209846E+00
 1.263571531E-01 1.191058750E+05 1.299454468E+03 8.930390625E+02 2.862057500E+05 1.844515869E+03 2.669033051E+00
 1.263899654E-01 1.191295547E+05 1.299516602E+03 8.924602661E+02 2.867738750E+05 1.844486816E+03 2.627856493E+00
 1.264227778E-01 1.191532266E+05 1.299578735E+03 8.918814697E+02 2.873419688E+05 1.844457764E+03 2.586679935E+00
 1.264555901E-01 1.191769141E+05 1.299635864E+03 8.913810425E+02 2.879160312E+05 1.844433716E+03 2.543937206E+00
 1.264883876E-01 1.192006641E+05 1.299675903E+03 8.911412964E+02 2.885099375E+05 1.844426392E+03 2.495982885E+00
 1.265211999E-01 1.192244062E+05 1.299716064E+03 8.909015503E+02 2.891038438E+05 1.844418945E+03 2.448028564E+00
 1.265540123E-01 1.192481484E+05 1.299756104E+03 8.906618042E+02 2.896977188E+05 1.844411621E+03 2.400074244E+00
 1.265868247E-01 1.192718906E+05 1.299796265E+03 8.904220581E+02 2.902916250E+05 1.844404297E+03 2.352120161E+00
 1.266196370E-01 1.192956250E+05 1.299824341E+03 8.902906494E+02 2.908972500E+05 1.844407471E+03 2.300996780E+00
 1.266524345E-01 1.193193594E+05 1.299839233E+03 8.902785034E+02 2.915157812E+05 1.844422241E+03 2.246388674E+00
 1.266852468E-01 1.193430859E+05 1.299854004E+03 8.902663574E+02 2.921342812E+05 1.844437012E+03 2.191780329E+00
 1.267180592E-01 1.193668203E+05 1.299868896E+03 8.902541504E+02 2.927528125E+05 1.844451904E+03 2.137172222E+00
 1.267508715E-01 1.193905547E+05 1.299883667E+03 8.902420044E+02 2.933713438E+05 1.844466675E+03 2.082564116E+00
 1.267836839E-01 1.194142500E+05 1.299882202E+03 8.901497192E+02 2.940020625E+05 1.844493652E+03 2.023380518E+00
 1.268164814E-01 1.194379375E+05 1.299874390E+03 8.900265503E+02 2.946374688E+05 1.844525391E+03 1.962430954E+00
 1.268492937E-01 1.194616172E+05 1.299866455E+03 8.899033813E+02 2.952729062E+05 1.844557007E+03 1.901481271E+00
 1.268821061E-01 1.194853047E+05 1.299858643E+03 8.897802124E+02 2.959083125E+05 1.844588745E+03 1.840531588E+00
 1.269149184E-01 1.195089922E+05 1.299850830E+03 8.896569824E+02 2.965437188E+05 1.844620361E+03 1.779581904E+00
 1.269477308E-01 1.195326094E+05 1.299831909E+03 8.889103394E+02 2.971824688E+05 1.844656006E+03 1.713101745E+00
 1.269805282E-01 1.195562266E+05 1.299812622E+03 8.881422119E+02 2.978213125E+05 1.844691772E+03 1.646431327E+00
 1.270133406E-01 1.195798438E+05 1.299793335E+03 8.873740845E+02 2.984601875E+05 1.844727539E+03 1.579760909E+00
 1.270461529E-01 1.196034609E+05 1.299774048E+03 8.866060181E+02 2.990990312E+05 1.844763306E+03 1.513090372E+00
 1.270789653E-01 1.196270469E+05 1.299756958E+03 8.855682983E+02 2.997354688E+05 1.844795654E+03 1.445419550E+00
 1.271117777E-01 1.196505312E+05 1.299748413E+03 8.835286865E+02 3.003628750E+05 1.844815063E+03 1.374028683E+00
 1.271445751E-01 1.196740156E+05 1.299739868E+03 8.814890137E+02 3.009902812E+05 1.844834473E+03 1.302637815E+00
 1.271773875E-01 1.196975078E+05 1.299731323E+03 8.794494019E+02 3.016176875E+05 1.844853882E+03 1.231246948E+00
 1.272101998E-01 1.197209922E+05 1.299722778E+03 8.774097900E+02 3.022451250E+05 1.844873291E+03 1.159856081E+00
 1.272430122E-01 1.197443516E+05 1.299735352E+03 8.745257568E+02 3.028637188E+05 1.844872681E+03 1.086885691E+00
 1.272758245E-01 1.197675703E+05 1.299772827E+03 8.706395874E+02 3.034719062E+05 1.844848511E+03 1.012039185E+00
 1.273086220E-01 1.197907891E+05 1.299810425E+03 8.667534180E+02 3.040800938E+05 1.844824341E+03 9.371926188E-01
 1.273414344E-01 1.198140000E+05 1.299847900E+03 8.628672485E+02 3.046882812E+05 1.844800049E+03 8.623461127E-01
 1.273742467E-01 1.198372188E+05 1.299885498E+03 8.589810791E+02 3.052965000E+05 1.844775879E+03 7.874996066E-01
 1.274070591E-01 1.198600703E+05 1.299991577E+03 8.535518799E+02 3.059025938E+05 1.844697266E+03 7.112194896E-01
 1.274398714E-01 1.198827656E+05 1.300126831E+03 8.474694214E+02 3.065078438E+05 1.844595703E+03 6.343309283E-01
 1.274726689E-01 1.199054609E+05 1.300261963E+03 8.413869019E+02 3.071130938E+05 1.844494141E+03 5.574424267E-01
 1.275054812E-01 1.199281562E+05 1.300397217E+03 8.353044434E+02 3.077183438E+05 1.844392578E+03 4.805539250E-01
 1.275382936E-01 1.199508516E+05 1.300532349E+03 8.292219238E+02 3.083235938E+05 1.844290894E+03 4.036654234E-01
 1.275711060E-01 1.199726328E+05 1.300835693E+03 8.212552490E+02 3.090234688E+05 1.844072144E+03 3.265514970E-01
 1.276039183E-01 1.199943672E+05 1.301148315E+03 8.131847534E+02 3.097285938E+05 1.843846924E+03 2.494238466E-01
 1.276367158E-01 1.200161016E+05 1.301460938E+03 8.051142578E+02 3.104336875E+05 1.843621826E+03 1.722961962E-01
 1.276695281E-01 1.200378359E+05 1.301773560E+03 7.970437622E+02 3.111388125E+05 1.843396606E+03 9.516855329E-02
 1.277023405E-01 1.200592031E+05 1.302148315E+03 7.889478149E+02 3.119588125E+05 1.843130859E+03 1.860257238E-02
 1.277351528E-01 1.200790547E+05 1.302782593E+03 7.807453613E+02 3.132590312E+05 1.842695801E+03 -5.562326685E-02
 1.277679652E-01 1.200989141E+05 1.303416748E+03 7.725429688E+02 3.145592500E+05 1.842260864E+03 -1.298491061E-01
 1.278007627E-01 1.201187656E+05 1.304050903E+03 7.643405151E+02 3.158594688E+05 1.841825806E+03 -2.040749490E-01
 1.278335750E-01 1.201386172E+05 1.304685181E+03 7.561380615E+02 3.171596875E+05 1.841390869E+03 -2.783007920E-01
 1.278663874E-01 1.201566797E+05 1.305593506E+03 7.509298096E+02 3.197850312E+05 1.840767334E+03 -3.483721912E-01
 1.278991997E-01 1.201724453E+05 1.306853027E+03 7.495585327E+02 3.241085625E+05 1.839902344E+03 -4.131233990E-01
 1.279320121E-01 1.201882109E+05 1.308112549E+03 7.481872559E+02 3.284320938E+05 1.839037354E+03 -4.778745770E-01
 1.279648095E-01 1.202039766E+05 1.309372070E+03 7.468160400E+02 3.327556250E+05 1.838172241E+03 -5.426257849E-01
 1.279976219E-01 1.202197422E+05 1.310631714E+03 7.454447632E+02 3.370791250E+05 1.837307251E+03 -6.073769927E-01
 1.280304343E-01 1.202283438E+05 1.312753540E+03 7.666181030E+02 3.505090312E+05 1.835721680E+03 -6.597224474E-01
 1.280632466E-01 1.202336406E+05 1.315273926E+03 7.982062988E+02 3.681457812E+05 1.833803101E+03 -7.063395977E-01
 1.280960590E-01 1.202389375E+05 1.317794189E+03 8.297944336E+02 3.857825625E+05 1.831884521E+03 -7.529566884E-01
 1.281288564E-01 1.202442344E+05 1.320314575E+03 8.613826294E+02 4.034193125E+05 1.829965942E+03 -7.995737791E-01
 1.281616688E-01 1.202495312E+05 1.322834961E+03 8.929708252E+02 4.210560625E+05 1.828047485E+03 -8.461909294E-01
 1.281944811E-01 1.202370000E+05 1.326971191E+03 1.008835693E+03 4.651756562E+05 1.824209717E+03 -8.621094227E-01
 1.282272935E-01 1.202231172E+05 1.331230469E+03 1.131115967E+03 5.113112188E+05 1.820225830E+03 -8.756930232E-01
 1.282601058E-01 1.202092266E+05 1.335489624E+03 1.253396362E+03 5.574468125E+05 1.816241943E+03 -8.892766237E-01
 1.282929033E-01 1.201953438E+05 1.339748901E+03 1.375676636E+03 6.035823750E+05 1.812258057E+03 -9.028602839E-01
 1.283257157E-01 1.201750391E+05 1.344503052E+03 1.533088135E+03 6.561586250E+05 1.807506104E+03 -9.088922739E-01
 1.283585280E-01 1.201243672E+05 1.351597900E+03 1.856680420E+03 7.392014375E+05 1.799121338E+03 -8.792128563E-01
 1.283913404E-01 1.200736875E+05 1.358692871E+03 2.180272705E+03 8.222442500E+05 1.790736450E+03 -8.495334983E-01
 1.284241527E-01 1.200230156E+05 1.365787720E+03 2.503864990E+03 9.052870625E+05 1.782351685E+03 -8.198540807E-01
 1.284569502E-01 1.199461875E+05 1.373173096E+03 2.956933350E+03 9.843448125E+05 1.771349121E+03 -7.696591616E-01
 1.284897625E-01 1.198639766E+05 1.380618042E+03 3.436611328E+03 1.062583625E+06 1.759808472E+03 -7.152497172E-01
 1.285225749E-01 1.197817656E+05 1.388062988E+03 3.916289062E+03 1.140822500E+06 1.748267944E+03 -6.608402729E-01
 1.285553873E-01 1.196790781E+05 1.395431763E+03 4.510488281E+03 1.216498875E+06 1.733760132E+03 -6.020435095E-01
 1.285881996E-01 1.195727344E+05 1.402786743E+03 5.125163086E+03 1.291717250E+06 1.718721680E+03 -5.424637198E-01
 1.286209971E-01 1.194635781E+05 1.409952515E+03 5.754309570E+03 1.366921000E+06 1.703153809E+03 -4.841393530E-01
 1.286538094E-01 1.193425000E+05 1.416315674E+03 6.444769531E+03 1.442063625E+06 1.685342407E+03 -4.311402142E-01
 1.286866218E-01 1.192214219E+05 1.422678955E+03 7.135229492E+03 1.517206125E+06 1.667531006E+03 -3.781410456E-01
 1.287194341E-01 1.190948594E+05 1.427705688E+03 7.845179199E+03 1.596657000E+06 1.648197510E+03 -3.389312625E-01
 1.287522465E-01 1.189671094E+05 1.432442871E+03 8.559349609E+03 1.677040875E+06 1.628534424E+03 -3.027093709E-01
 1.287850440E-01 1.188345703E+05 1.435870605E+03 9.290914062E+03 1.768459750E+06 1.607753296E+03 -2.746145725E-01
 1.288178563E-01 1.187000859E+05 1.438764893E+03 1.002956445E+04 1.864374500E+06 1.586516602E+03 -2.498325109E-01
 1.288506687E-01 1.185549766E+05 1.440088867E+03 1.081807031E+04 1.987028750E+06 1.563645752E+03 -2.217995971E-01
 1.288834810E-01 1.184047812E+05 1.440787842E+03 1.163063477E+04 2.122738500E+06 1.540034668E+03 -1.905274093E-01
 1.289162934E-01 1.182383438E+05 1.439796631E+03 1.252058398E+04 2.300813000E+06 1.514159912E+03 -1.447933763E-01
 1.289490908E-01 1.180576094E+05 1.437381348E+03 1.347558008E+04 2.521469000E+06 1.486065430E+03 -8.467971534E-02
 1.289819032E-01 1.178629922E+05 1.433434814E+03 1.449032129E+04 2.788807250E+06 1.455493408E+03 -1.071380358E-02
 1.290147156E-01 1.176533359E+05 1.427480103E+03 1.556248926E+04 3.117789750E+06 1.421556763E+03 7.796580344E-02
 1.290475279E-01 1.174328047E+05 1.418958618E+03 1.665521289E+04 3.520753500E+06 1.383328613E+03 1.760662347E-01
 1.290803403E-01 1.172124297E+05 1.407288940E+03 1.768990625E+04 4.005012250E+06 1.340111938E+03 2.701399922E-01
 1.291131377E-01 1.170073359E+05 1.391937622E+03 1.856947656E+04 4.581366000E+06 1.291571289E+03 3.428909779E-01
 1.291459501E-01 1.168312891E+05 1.372359497E+03 1.921146289E+04 5.280578500E+06 1.237413574E+03 3.816360235E-01
 1.291787624E-01 1.167027969E+05 1.346816650E+03 1.949421875E+04 6.223488000E+06 1.175855225E+03 3.736835420E-01
 1.292115748E-01 1.166333594E+05 1.313057617E+03 1.933829102E+04 7.668564000E+06 1.104346680E+03 3.193525076E-01
 1.292443871E-01 1.166469219E+05 1.264269531E+03 1.855253516E+04 1.044775200E+07 1.014289673E+03 2.274391204E-01
 1.292771846E-01 1.168443125E+05 1.178403931E+03 1.641853320E+04 1.800879000E+07 8.789514160E+02 1.172168404E-01
 1.293099970E-01 1.184317188E+05 8.897092285E+02 7.166628906E+03 8.527058400E+07 5.249208984E+02 1.285338029E-02
