n=299
 1.195328087E-01 1.281556250E+05 1.081472534E+03 1.270603027E+03 1.057699840E+08 7.109029541E+02 7.403163314E-01
 1.195656210E-01 1.275226016E+05 1.547071899E+03 5.283806641E+03 2.753589800E+07 1.403882568E+03 3.951227903E+00
 1.195984259E-01 1.276146172E+05 1.638581299E+03 5.262760742E+03 1.007624900E+07 1.565067993E+03 6.027884960E+00
 1.196312383E-01 1.279940938E+05 1.675603394E+03 3.486110352E+03 6.417467500E+06 1.622042114E+03 7.464469910E+00
 1.196640432E-01 1.283476875E+05 1.694336304E+03 1.887515991E+03 5.307411000E+06 1.651832275E+03 8.648688316E+00
 1.196968555E-01 1.286121406E+05 1.698176270E+03 9.043947144E+02 4.862470000E+06 1.668758179E+03 9.750329971E+00
 1.197296679E-01 1.288013281E+05 1.693604980E+03 4.668116455E+02 4.615980000E+06 1.678304688E+03 1.086921597E+01
 1.197624728E-01 1.289552812E+05 1.687782593E+03 3.017139893E+02 4.491347500E+06 1.683251343E+03 1.198745918E+01
 1.197952852E-01 1.290989609E+05 1.682222168E+03 2.522968597E+02 4.470552500E+06 1.685687378E+03 1.309028244E+01
 1.198280901E-01 1.292446250E+05 1.675852173E+03 2.377918854E+02 4.498971500E+06 1.687906006E+03 1.419913769E+01
 1.198609024E-01 1.293962891E+05 1.667742432E+03 2.318001556E+02 4.527620500E+06 1.691352539E+03 1.534407616E+01
 1.198937148E-01 1.295547500E+05 1.657980591E+03 2.285314941E+02 4.535020500E+06 1.696377075E+03 1.654330635E+01
 1.199265197E-01 1.297199766E+05 1.647089233E+03 2.272328339E+02 4.520482500E+06 1.702649292E+03 1.779878044E+01
 1.199593320E-01 1.298915234E+05 1.635344849E+03 2.276033478E+02 4.485633000E+06 1.709950562E+03 1.910719681E+01
 1.199921370E-01 1.300783828E+05 1.623031738E+03 2.313014984E+02 4.421555500E+06 1.718188965E+03 2.051993942E+01
 1.200249493E-01 1.302725781E+05 1.610778564E+03 2.360855865E+02 4.349138500E+06 1.726521851E+03 2.197231293E+01
 1.200577617E-01 1.304849219E+05 1.598813599E+03 2.433371887E+02 4.258510500E+06 1.734938721E+03 2.351822472E+01
 1.200905666E-01 1.307110156E+05 1.587342407E+03 2.514767914E+02 4.160839500E+06 1.743130493E+03 2.511962891E+01
 1.201233789E-01 1.309600469E+05 1.576694336E+03 2.610966492E+02 4.051425000E+06 1.750946899E+03 2.681361771E+01
 1.201561838E-01 1.312240312E+05 1.566534668E+03 2.710179443E+02 3.937806000E+06 1.758456055E+03 2.855999565E+01
 1.201889962E-01 1.315298438E+05 1.557740601E+03 2.817818604E+02 3.812428750E+06 1.765106689E+03 3.045297050E+01
 1.202218086E-01 1.318356562E+05 1.548946533E+03 2.925457764E+02 3.687051500E+06 1.771757446E+03 3.234594345E+01
 1.202546135E-01 1.321962969E+05 1.541836914E+03 3.033247375E+02 3.548026750E+06 1.777122925E+03 3.440985870E+01
 1.202874258E-01 1.325634062E+05 1.534925415E+03 3.141054688E+02 3.407394250E+06 1.782337158E+03 3.649393845E+01
 1.203202307E-01 1.329224062E+05 1.528326294E+03 3.248148193E+02 3.264658500E+06 1.787251831E+03 3.852713394E+01
 1.203530431E-01 1.332553906E+05 1.522730591E+03 3.352947998E+02 3.115155750E+06 1.791204102E+03 4.039693069E+01
 1.203858554E-01 1.335883594E+05 1.517134888E+03 3.457747803E+02 2.965652750E+06 1.795156372E+03 4.226672745E+01
 1.204186603E-01 1.339014531E+05 1.511754395E+03 3.561722107E+02 2.813786750E+06 1.798906250E+03 4.404642487E+01
 1.204514727E-01 1.341566406E+05 1.506999756E+03 3.663293457E+02 2.655042000E+06 1.802067627E+03 4.556404877E+01
 1.204842776E-01 1.344118438E+05 1.502245117E+03 3.764865112E+02 2.496297250E+06 1.805228882E+03 4.708167648E+01
 1.205170900E-01 1.346670469E+05 1.497490479E+03 3.866436462E+02 2.337552500E+06 1.808390259E+03 4.859930038E+01
 1.205499023E-01 1.350253281E+05 1.494666504E+03 3.939676819E+02 2.214876500E+06 1.810176514E+03 5.039569473E+01
 1.205827072E-01 1.353936719E+05 1.492030640E+03 4.010155640E+02 2.095712500E+06 1.811828857E+03 5.221931076E+01
 1.206155196E-01 1.357620156E+05 1.489394775E+03 4.080634155E+02 1.976548500E+06 1.813481079E+03 5.404292679E+01
 1.206483245E-01 1.361303594E+05 1.486758911E+03 4.151112976E+02 1.857384500E+06 1.815133301E+03 5.586654282E+01
 1.206811368E-01 1.365875625E+05 1.484385254E+03 4.220054932E+02 1.741854125E+06 1.816582275E+03 5.800619125E+01
 1.207139492E-01 1.375245000E+05 1.483426147E+03 4.280704041E+02 1.645903375E+06 1.816934082E+03 6.185198975E+01
 1.207467541E-01 1.384614375E+05 1.482467163E+03 4.341353149E+02 1.549952750E+06 1.817285889E+03 6.569778442E+01
 1.207795665E-01 1.393983594E+05 1.481508179E+03 4.402001953E+02 1.454002125E+06 1.817637573E+03 6.954358673E+01
 1.208123714E-01 1.403352969E+05 1.480549194E+03 4.462651062E+02 1.358051500E+06 1.817989380E+03 7.338938141E+01
 1.208451837E-01 1.416033438E+05 1.480443237E+03 4.520492554E+02 1.276172750E+06 1.817699097E+03 7.828266144E+01
 1.208779961E-01 1.433650312E+05 1.481608765E+03 4.574150391E+02 1.215249375E+06 1.816451904E+03 8.473767090E+01
 1.209108010E-01 1.451267031E+05 1.482774292E+03 4.627808533E+02 1.154326000E+06 1.815204590E+03 9.119268036E+01
 1.209436134E-01 1.468883906E+05 1.483939819E+03 4.681466370E+02 1.093402750E+06 1.813957275E+03 9.764768982E+01
 1.209764183E-01 1.486500625E+05 1.485105347E+03 4.735124207E+02 1.032479375E+06 1.812709961E+03 1.041026993E+02
 1.210092306E-01 1.510106875E+05 1.487676636E+03 4.792602234E+02 9.878794375E+05 1.810419189E+03 1.121572876E+02
 1.210420430E-01 1.536985625E+05 1.491015869E+03 4.852164001E+02 9.521861250E+05 1.807558350E+03 1.210859985E+02
 1.210748479E-01 1.563864219E+05 1.494354980E+03 4.911726074E+02 9.164928750E+05 1.804697388E+03 1.300147095E+02
 1.211076602E-01 1.590742969E+05 1.497694214E+03 4.971287842E+02 8.807996250E+05 1.801836548E+03 1.389434204E+02
 1.211404651E-01 1.617621719E+05 1.501033325E+03 5.030849915E+02 8.451063750E+05 1.798975586E+03 1.478721466E+02
 1.211732775E-01 1.653140938E+05 1.506297974E+03 5.095278931E+02 8.220829375E+05 1.794597412E+03 1.585125427E+02
 1.212060899E-01 1.689705312E+05 1.511795288E+03 5.160294189E+02 8.005862500E+05 1.790035645E+03 1.693601532E+02
 1.212388948E-01 1.726269531E+05 1.517292603E+03 5.225310059E+02 7.790895625E+05 1.785473877E+03 1.802077484E+02
 1.212717071E-01 1.762833906E+05 1.522789917E+03 5.290325317E+02 7.575928750E+05 1.780912231E+03 1.910553589E+02
 1.213045120E-01 1.800279844E+05 1.528423828E+03 5.354121094E+02 7.370054375E+05 1.776172363E+03 2.019754944E+02
 1.213373244E-01 1.843269844E+05 1.534916748E+03 5.410267334E+02 7.221102500E+05 1.770313965E+03 2.133539581E+02
 1.213701367E-01 1.886259688E+05 1.541409546E+03 5.466413574E+02 7.072151250E+05 1.764455566E+03 2.247324219E+02
 1.214029416E-01 1.929249688E+05 1.547902344E+03 5.522559814E+02 6.923199375E+05 1.758597168E+03 2.361109009E+02
 1.214357540E-01 1.972239531E+05 1.554395264E+03 5.578706055E+02 6.774248125E+05 1.752738647E+03 2.474893646E+02
 1.214685589E-01 2.012891562E+05 1.560421387E+03 5.633254395E+02 6.636680625E+05 1.747193359E+03 2.579303284E+02
 1.215013713E-01 2.049777656E+05 1.565695312E+03 5.685224609E+02 6.517451875E+05 1.742152466E+03 2.668602295E+02
 1.215341836E-01 2.086663750E+05 1.570969360E+03 5.737195435E+02 6.398223125E+05 1.737111450E+03 2.757901611E+02
 1.215669885E-01 2.123550000E+05 1.576243286E+03 5.789166260E+02 6.278994375E+05 1.732070557E+03 2.847200623E+02
 1.215998009E-01 2.160436094E+05 1.581517212E+03 5.841137085E+02 6.159765625E+05 1.727029663E+03 2.936499939E+02
 1.216326058E-01 2.179189844E+05 1.583977539E+03 5.892012329E+02 6.046678750E+05 1.724837769E+03 2.981101074E+02
 1.216654181E-01 2.187203281E+05 1.584770874E+03 5.942235718E+02 5.937221875E+05 1.724333496E+03 2.999223938E+02
 1.216982305E-01 2.195216562E+05 1.585564209E+03 5.992459106E+02 5.827765625E+05 1.723829346E+03 3.017346497E+02
 1.217310354E-01 2.203230000E+05 1.586357666E+03 6.042682495E+02 5.718309375E+05 1.723325073E+03 3.035469360E+02
 1.217638478E-01 2.211243281E+05 1.587151001E+03 6.092905884E+02 5.608852500E+05 1.722820923E+03 3.053592224E+02
 1.217966527E-01 2.174511406E+05 1.579826904E+03 6.080023804E+02 5.468158750E+05 1.729424316E+03 2.960834961E+02
 1.218294650E-01 2.131281406E+05 1.571323975E+03 6.057980347E+02 5.322924375E+05 1.737060059E+03 2.851975403E+02
 1.218622774E-01 2.088051250E+05 1.562820923E+03 6.035936890E+02 5.177689688E+05 1.744695801E+03 2.743115845E+02
 1.218950823E-01 2.044821094E+05 1.554317993E+03 6.013893433E+02 5.032455000E+05 1.752331543E+03 2.634256287E+02
 1.219278947E-01 1.997209844E+05 1.544755737E+03 5.983168945E+02 4.877598125E+05 1.760733398E+03 2.511558990E+02
 1.219606996E-01 1.916946094E+05 1.527302612E+03 5.887799072E+02 4.651069062E+05 1.774844849E+03 2.285779724E+02
 1.219935119E-01 1.836682500E+05 1.509849365E+03 5.792429199E+02 4.424540312E+05 1.788956421E+03 2.060000458E+02
 1.220263243E-01 1.756418906E+05 1.492396118E+03 5.697059326E+02 4.198011562E+05 1.803067871E+03 1.834221191E+02
 1.220591292E-01 1.676155156E+05 1.474942993E+03 5.601689453E+02 3.971482500E+05 1.817179321E+03 1.608441925E+02
 1.220919415E-01 1.601472500E+05 1.458045288E+03 5.517069702E+02 3.752768125E+05 1.830441162E+03 1.388585205E+02
 1.221247464E-01 1.536534219E+05 1.442114990E+03 5.451228027E+02 3.547671250E+05 1.842220093E+03 1.179033966E+02
 1.221575588E-01 1.471595938E+05 1.426184692E+03 5.385386353E+02 3.342574375E+05 1.853999023E+03 9.694828033E+01
 1.221903712E-01 1.406657500E+05 1.410254395E+03 5.319544678E+02 3.137477812E+05 1.865777954E+03 7.599316406E+01
 1.222231761E-01 1.341719219E+05 1.394324097E+03 5.253703613E+02 2.932380938E+05 1.877556885E+03 5.503805161E+01
 1.222559884E-01 1.300781484E+05 1.383831055E+03 5.221712036E+02 2.805660938E+05 1.884922485E+03 4.112000656E+01
 1.222887933E-01 1.275254609E+05 1.376828857E+03 5.211459351E+02 2.729254375E+05 1.889454346E+03 3.171985245E+01
 1.223216057E-01 1.249727812E+05 1.369826660E+03 5.201206665E+02 2.652847812E+05 1.893986328E+03 2.231969833E+01
 1.223544180E-01 1.224200938E+05 1.362824463E+03 5.190953369E+02 2.576441094E+05 1.898518311E+03 1.291954517E+01
 1.223872229E-01 1.198674141E+05 1.355822266E+03 5.180700684E+02 2.500034531E+05 1.903050293E+03 3.519392252E+00
 1.224200353E-01 1.191966406E+05 1.353878662E+03 5.200107422E+02 2.483631250E+05 1.904144043E+03 9.410775900E-01
 1.224528402E-01 1.188475547E+05 1.352799561E+03 5.224583740E+02 2.477482969E+05 1.904650024E+03 -4.715079665E-01
 1.224856526E-01 1.184984609E+05 1.351720459E+03 5.249059448E+02 2.471334531E+05 1.905155884E+03 -1.884093523E+00
 1.225184649E-01 1.181493750E+05 1.350641357E+03 5.273535156E+02 2.465186094E+05 1.905661865E+03 -3.296679258E+00
 1.225512698E-01 1.178522578E+05 1.349718262E+03 5.299719238E+02 2.459955625E+05 1.906086548E+03 -4.503566742E+00
 1.225840822E-01 1.180284688E+05 1.350216187E+03 5.341410522E+02 2.463120938E+05 1.905769287E+03 -3.837518215E+00
 1.226168871E-01 1.182046797E+05 1.350713989E+03 5.383102417E+02 2.466286250E+05 1.905452026E+03 -3.171469688E+00
 1.226496994E-01 1.183808906E+05 1.351211914E+03 5.424794312E+02 2.469451562E+05 1.905134888E+03 -2.505421162E+00
 1.226825118E-01 1.185571016E+05 1.351709717E+03 5.466485596E+02 2.472617031E+05 1.904817627E+03 -1.839372516E+00
 1.227153167E-01 1.187181094E+05 1.352173096E+03 5.509398193E+02 2.475801094E+05 1.904522949E+03 -1.238533497E+00
 1.227481291E-01 1.188504141E+05 1.352571655E+03 5.554636841E+02 2.479023594E+05 1.904270630E+03 -7.607674003E-01
 1.227809340E-01 1.189827188E+05 1.352970215E+03 5.599875488E+02 2.482246250E+05 1.904018311E+03 -2.830012739E-01
 1.228137463E-01 1.191150234E+05 1.353368774E+03 5.645114136E+02 2.485468906E+05 1.903765991E+03 1.947648674E-01
 1.228465587E-01 1.192473281E+05 1.353767334E+03 5.690352173E+02 2.488691406E+05 1.903513794E+03 6.725310087E-01
 1.228793636E-01 1.193208750E+05 1.354001953E+03 5.737095337E+02 2.492056094E+05 1.903366455E+03 8.994416595E-01
 1.229121760E-01 1.193535859E+05 1.354122803E+03 5.784883423E+02 2.495519219E+05 1.903292114E+03 9.519823194E-01
 1.229449809E-01 1.193862891E+05 1.354243530E+03 5.832671509E+02 2.498982344E+05 1.903217773E+03 1.004523039E+00
 1.229777932E-01 1.194189922E+05 1.354364258E+03 5.880458984E+02 2.502445469E+05 1.903143433E+03 1.057063699E+00
 1.230106056E-01 1.194517031E+05 1.354485107E+03 5.928247070E+02 2.505908594E+05 1.903069092E+03 1.109604359E+00
 1.230434105E-01 1.194554375E+05 1.354516602E+03 5.977998047E+02 2.509556406E+05 1.903050415E+03 1.035615921E+00
 1.230762228E-01 1.194534453E+05 1.354530518E+03 6.028135376E+02 2.513240469E+05 1.903042969E+03 9.365935922E-01
 1.231090277E-01 1.194514453E+05 1.354544434E+03 6.078272705E+02 2.516924531E+05 1.903035400E+03 8.375713229E-01
 1.231418401E-01 1.194494531E+05 1.354558228E+03 6.128410034E+02 2.520608594E+05 1.903027954E+03 7.385489941E-01
 1.231746525E-01 1.194474766E+05 1.354571411E+03 6.178739014E+02 2.524313594E+05 1.903020874E+03 6.391249299E-01
 1.232074574E-01 1.194456406E+05 1.354575439E+03 6.231254883E+02 2.528256562E+05 1.903019531E+03 5.348735452E-01
 1.232402697E-01 1.194438047E+05 1.354579468E+03 6.283770752E+02 2.532199688E+05 1.903018311E+03 4.306221306E-01
 1.232730746E-01 1.194419688E+05 1.354583618E+03 6.336286621E+02 2.536142656E+05 1.903016968E+03 3.263707161E-01
 1.233058870E-01 1.194401328E+05 1.354587646E+03 6.388801880E+02 2.540085625E+05 1.903015625E+03 2.221193314E-01
 1.233386993E-01 1.194393594E+05 1.354591431E+03 6.442055054E+02 2.544120469E+05 1.903014282E+03 1.209107414E-01
 1.233715042E-01 1.194407656E+05 1.354594971E+03 6.496832886E+02 2.548345469E+05 1.903012817E+03 2.601307817E-02
 1.234043166E-01 1.194421719E+05 1.354598511E+03 6.551610718E+02 2.552570469E+05 1.903011353E+03 -6.888458133E-02
 1.234371215E-01 1.194435781E+05 1.354601929E+03 6.606388550E+02 2.556795469E+05 1.903009766E+03 -1.637822390E-01
 1.234699339E-01 1.194449922E+05 1.354605469E+03 6.661166382E+02 2.561020312E+05 1.903008301E+03 -2.586798966E-01
 1.235027388E-01 1.194462812E+05 1.354603516E+03 6.717017822E+02 2.565393125E+05 1.903009766E+03 -3.565570116E-01
 1.235355511E-01 1.194474922E+05 1.354597534E+03 6.773674316E+02 2.569876875E+05 1.903013428E+03 -4.566628933E-01
 1.235683635E-01 1.194486953E+05 1.354591553E+03 6.830330811E+02 2.574360469E+05 1.903017090E+03 -5.567687750E-01
 1.236011684E-01 1.194499062E+05 1.354585449E+03 6.886987305E+02 2.578844219E+05 1.903020752E+03 -6.568746567E-01
 1.236339808E-01 1.194511094E+05 1.354579468E+03 6.943643799E+02 2.583327969E+05 1.903024414E+03 -7.569805384E-01
 1.236667857E-01 1.194515859E+05 1.354564819E+03 7.001489258E+02 2.587989375E+05 1.903032715E+03 -8.655946255E-01
 1.236995980E-01 1.194518984E+05 1.354548218E+03 7.059602051E+02 2.592690781E+05 1.903041992E+03 -9.761207700E-01
 1.237324104E-01 1.194522031E+05 1.354531616E+03 7.117714844E+02 2.597392188E+05 1.903051270E+03 -1.086646914E+00
 1.237652153E-01 1.194525156E+05 1.354515137E+03 7.175827026E+02 2.602093594E+05 1.903060547E+03 -1.197173119E+00
 1.237980276E-01 1.194528438E+05 1.354498169E+03 7.234000854E+02 2.606805312E+05 1.903069946E+03 -1.308283329E+00
 1.238308325E-01 1.194535547E+05 1.354475830E+03 7.293098755E+02 2.611673125E+05 1.903081543E+03 -1.428267956E+00
 1.238636449E-01 1.194542656E+05 1.354453613E+03 7.352196045E+02 2.616540938E+05 1.903093140E+03 -1.548252702E+00
 1.238964573E-01 1.194549766E+05 1.354431274E+03 7.411293945E+02 2.621408594E+05 1.903104736E+03 -1.668237448E+00
 1.239292622E-01 1.194556875E+05 1.354409058E+03 7.470391846E+02 2.626276250E+05 1.903116333E+03 -1.788222075E+00
 1.239620745E-01 1.194570078E+05 1.354386841E+03 7.529571533E+02 2.631177188E+05 1.903127441E+03 -1.911005735E+00
 1.239948794E-01 1.194597031E+05 1.354364990E+03 7.588936157E+02 2.636152188E+05 1.903137451E+03 -2.040101767E+00
 1.240276918E-01 1.194623984E+05 1.354343140E+03 7.648300781E+02 2.641127188E+05 1.903147461E+03 -2.169197559E+00
 1.240605041E-01 1.194650938E+05 1.354321289E+03 7.707665405E+02 2.646102500E+05 1.903157349E+03 -2.298293591E+00
 1.240933090E-01 1.194677891E+05 1.354299316E+03 7.767030640E+02 2.651077500E+05 1.903167358E+03 -2.427389622E+00
 1.241261214E-01 1.194723516E+05 1.354280884E+03 7.825986938E+02 2.656078438E+05 1.903174561E+03 -2.562330008E+00
 1.241589263E-01 1.194784141E+05 1.354265259E+03 7.884611816E+02 2.661100000E+05 1.903179321E+03 -2.702002525E+00
 1.241917387E-01 1.194844844E+05 1.354249512E+03 7.943237305E+02 2.666121875E+05 1.903184204E+03 -2.841675282E+00
 1.242245510E-01 1.194905469E+05 1.354233887E+03 8.001862183E+02 2.671143750E+05 1.903188965E+03 -2.981347799E+00
 1.242573559E-01 1.194966172E+05 1.354218140E+03 8.060487671E+02 2.676165312E+05 1.903193848E+03 -3.121020555E+00
 1.242901683E-01 1.195062500E+05 1.354211304E+03 8.117675781E+02 2.681180312E+05 1.903192261E+03 -3.270601511E+00
 1.243229732E-01 1.195167969E+05 1.354206787E+03 8.174498901E+02 2.686193438E+05 1.903189087E+03 -3.422693014E+00
 1.243557855E-01 1.195273438E+05 1.354202148E+03 8.231322021E+02 2.691206562E+05 1.903185913E+03 -3.574784517E+00
 1.243885979E-01 1.195378828E+05 1.354197510E+03 8.288145142E+02 2.696219688E+05 1.903182739E+03 -3.726876020E+00
 1.244214028E-01 1.195486484E+05 1.354193604E+03 8.344851685E+02 2.701230625E+05 1.903179077E+03 -3.879528046E+00
 1.244542152E-01 1.195643203E+05 1.354203491E+03 8.398943481E+02 2.706190938E+05 1.903166260E+03 -4.044620037E+00
 1.244870201E-01 1.195800000E+05 1.354213379E+03 8.453034668E+02 2.711151562E+05 1.903153320E+03 -4.209712029E+00
 1.245198324E-01 1.195956719E+05 1.354223267E+03 8.507126465E+02 2.716112188E+05 1.903140503E+03 -4.374803543E+00
 1.245526448E-01 1.196113516E+05 1.354233154E+03 8.561217651E+02 2.721072500E+05 1.903127563E+03 -4.539895535E+00
 1.245854497E-01 1.196284844E+05 1.354247437E+03 8.614293823E+02 2.726009688E+05 1.903111938E+03 -4.708170414E+00
 1.246182621E-01 1.196492188E+05 1.354272705E+03 8.664859009E+02 2.730889062E+05 1.903089355E+03 -4.884297848E+00
 1.246510670E-01 1.196699531E+05 1.354297852E+03 8.715423584E+02 2.735768125E+05 1.903066772E+03 -5.060424805E+00
 1.246838793E-01 1.196906875E+05 1.354323120E+03 8.765988770E+02 2.740647500E+05 1.903044189E+03 -5.236552238E+00
 1.247166917E-01 1.197114219E+05 1.354348389E+03 8.816553345E+02 2.745526875E+05 1.903021606E+03 -5.412679672E+00
 1.247494966E-01 1.197343438E+05 1.354380493E+03 8.864976807E+02 2.750359062E+05 1.902994995E+03 -5.591907024E+00
 1.247823089E-01 1.197591797E+05 1.354418701E+03 8.911525879E+02 2.755150312E+05 1.902964966E+03 -5.773841381E+00
 1.248151138E-01 1.197840156E+05 1.354457031E+03 8.958074951E+02 2.759941562E+05 1.902934814E+03 -5.955776215E+00
 1.248479262E-01 1.198088516E+05 1.354495239E+03 9.004624023E+02 2.764732812E+05 1.902904663E+03 -6.137710571E+00
 1.248807386E-01 1.198336797E+05 1.354533447E+03 9.051173096E+02 2.769523750E+05 1.902874634E+03 -6.319645405E+00
 1.249135435E-01 1.198603203E+05 1.354577637E+03 9.094481812E+02 2.774257188E+05 1.902841675E+03 -6.499705791E+00
 1.249463558E-01 1.198874766E+05 1.354623413E+03 9.136868896E+02 2.778974062E+05 1.902808105E+03 -6.679231167E+00
 1.249791607E-01 1.199146328E+05 1.354669312E+03 9.179255981E+02 2.783690938E+05 1.902774414E+03 -6.858756542E+00
 1.250119805E-01 1.199417891E+05 1.354715210E+03 9.221643066E+02 2.788408125E+05 1.902740845E+03 -7.038281441E+00
 1.250447780E-01 1.199689453E+05 1.354760986E+03 9.263931274E+02 2.793123750E+05 1.902707275E+03 -7.217519283E+00
 1.250775903E-01 1.199962109E+05 1.354807129E+03 9.302146606E+02 2.797794688E+05 1.902675293E+03 -7.384958744E+00
 1.251104027E-01 1.200234766E+05 1.354853271E+03 9.340362549E+02 2.802465312E+05 1.902643311E+03 -7.552398682E+00
 1.251432151E-01 1.200507500E+05 1.354899292E+03 9.378578491E+02 2.807135938E+05 1.902611450E+03 -7.719838619E+00
 1.251760274E-01 1.200780156E+05 1.354945435E+03 9.416794434E+02 2.811806875E+05 1.902579468E+03 -7.887278080E+00
 1.252088249E-01 1.201047656E+05 1.354989624E+03 9.453895874E+02 2.816475312E+05 1.902549316E+03 -8.049118042E+00
 1.252416372E-01 1.201301016E+05 1.355028564E+03 9.487969360E+02 2.821138438E+05 1.902524048E+03 -8.195750237E+00
 1.252744496E-01 1.201554453E+05 1.355067505E+03 9.522042847E+02 2.825801562E+05 1.902498779E+03 -8.342382431E+00
 1.253072619E-01 1.201807812E+05 1.355106445E+03 9.556116943E+02 2.830464375E+05 1.902473511E+03 -8.489015579E+00
 1.253400743E-01 1.202061250E+05 1.355145386E+03 9.590190430E+02 2.835127500E+05 1.902448242E+03 -8.635647774E+00
 1.253728718E-01 1.202297969E+05 1.355177734E+03 9.622124023E+02 2.839808125E+05 1.902428345E+03 -8.768764496E+00
 1.254056841E-01 1.202518906E+05 1.355203857E+03 9.652036133E+02 2.844505000E+05 1.902413452E+03 -8.889121056E+00
 1.254384965E-01 1.202739922E+05 1.355229980E+03 9.681948242E+02 2.849202188E+05 1.902398560E+03 -9.009478569E+00
 1.254713088E-01 1.202960938E+05 1.355256104E+03 9.711860352E+02 2.853899062E+05 1.902383667E+03 -9.129835129E+00
 1.255041063E-01 1.203181953E+05 1.355282227E+03 9.741772461E+02 2.858595938E+05 1.902368774E+03 -9.250192642E+00
 1.255369186E-01 1.203376016E+05 1.355296509E+03 9.768438110E+02 2.863346250E+05 1.902362915E+03 -9.349729538E+00
 1.255697310E-01 1.203561641E+05 1.355307129E+03 9.794075928E+02 2.868112812E+05 1.902359863E+03 -9.442677498E+00
 1.256025434E-01 1.203747266E+05 1.355317749E+03 9.819714355E+02 2.872879688E+05 1.902356812E+03 -9.535626411E+00
 1.256353557E-01 1.203932891E+05 1.355328369E+03 9.845352173E+02 2.877646562E+05 1.902353882E+03 -9.628575325E+00
 1.256681532E-01 1.204118359E+05 1.355338989E+03 9.870968628E+02 2.882413750E+05 1.902350830E+03 -9.721403122E+00
 1.257009655E-01 1.204274297E+05 1.355334717E+03 9.892070923E+02 2.887269688E+05 1.902358765E+03 -9.789498329E+00
 1.257337779E-01 1.204430312E+05 1.355330566E+03 9.913173218E+02 2.892125312E+05 1.902366699E+03 -9.857594490E+00
 1.257665902E-01 1.204586250E+05 1.355326294E+03 9.934275513E+02 2.896981250E+05 1.902374634E+03 -9.925689697E+00
 1.257994026E-01 1.204742188E+05 1.355322021E+03 9.955377197E+02 2.901836875E+05 1.902382568E+03 -9.993784904E+00
 1.258322001E-01 1.204893281E+05 1.355314941E+03 9.975216064E+02 2.906713750E+05 1.902392578E+03 -1.005675030E+01
 1.258650124E-01 1.205029531E+05 1.355299072E+03 9.991264038E+02 2.911654062E+05 1.902408691E+03 -1.010433388E+01
 1.258978248E-01 1.205165859E+05 1.355283325E+03 1.000731262E+03 2.916594062E+05 1.902424805E+03 -1.015191746E+01
 1.259306371E-01 1.205302109E+05 1.355267578E+03 1.002336060E+03 2.921534375E+05 1.902440918E+03 -1.019950104E+01
 1.259634495E-01 1.205438438E+05 1.355251709E+03 1.003940918E+03 2.926474375E+05 1.902456909E+03 -1.024708366E+01
 1.259962469E-01 1.205569688E+05 1.355233032E+03 1.005249756E+03 2.931440625E+05 1.902474854E+03 -1.028654003E+01
 1.260290593E-01 1.205695781E+05 1.355211182E+03 1.006257019E+03 2.936433438E+05 1.902494507E+03 -1.031771469E+01
 1.260618716E-01 1.205821953E+05 1.355189331E+03 1.007264343E+03 2.941426250E+05 1.902514282E+03 -1.034888935E+01
 1.260946840E-01 1.205948125E+05 1.355167603E+03 1.008271606E+03 2.946419062E+05 1.902534058E+03 -1.038006496E+01
 1.261274964E-01 1.206074219E+05 1.355145752E+03 1.009278870E+03 2.951411875E+05 1.902553711E+03 -1.041123962E+01
 1.261602938E-01 1.206197578E+05 1.355125122E+03 1.009736206E+03 2.956403750E+05 1.902571655E+03 -1.043229580E+01
 1.261931062E-01 1.206319922E+05 1.355104980E+03 1.010000793E+03 2.961395000E+05 1.902588989E+03 -1.044980812E+01
 1.262259185E-01 1.206442266E+05 1.355084717E+03 1.010265442E+03 2.966386250E+05 1.902606201E+03 -1.046732044E+01
 1.262587309E-01 1.206564609E+05 1.355064453E+03 1.010530090E+03 2.971377500E+05 1.902623535E+03 -1.048483181E+01
 1.262915432E-01 1.206686953E+05 1.355044189E+03 1.010794739E+03 2.976369062E+05 1.902640869E+03 -1.050234413E+01
 1.263243407E-01 1.206808828E+05 1.355035400E+03 1.010132446E+03 2.981300938E+05 1.902648071E+03 -1.050777912E+01
 1.263571531E-01 1.206930781E+05 1.355026611E+03 1.009456787E+03 2.986232188E+05 1.902655029E+03 -1.051303959E+01
 1.263899654E-01 1.207052656E+05 1.355017944E+03 1.008781128E+03 2.991163125E+05 1.902661987E+03 -1.051830006E+01
 1.264227778E-01 1.207174531E+05 1.355009155E+03 1.008105469E+03 2.996094375E+05 1.902669067E+03 -1.052356052E+01
 1.264555901E-01 1.207296719E+05 1.355005981E+03 1.007155273E+03 3.001000625E+05 1.902671509E+03 -1.052616215E+01
 1.264883876E-01 1.207419922E+05 1.355021118E+03 1.005291138E+03 3.005823750E+05 1.902658691E+03 -1.051991177E+01
 1.265211999E-01 1.207543047E+05 1.355036377E+03 1.003427063E+03 3.010647188E+05 1.902645874E+03 -1.051366138E+01
 1.265540123E-01 1.207666250E+05 1.355051514E+03 1.001562927E+03 3.015470625E+05 1.902633179E+03 -1.050741100E+01
 1.265868247E-01 1.207789375E+05 1.355066772E+03 9.996988525E+02 3.020293750E+05 1.902620361E+03 -1.050116062E+01
 1.266196370E-01 1.207913828E+05 1.355099854E+03 9.971158447E+02 3.025042812E+05 1.902593384E+03 -1.048974514E+01
 1.266524345E-01 1.208039766E+05 1.355152588E+03 9.937424316E+02 3.029710000E+05 1.902550781E+03 -1.047265148E+01
 1.266852468E-01 1.208165625E+05 1.355205444E+03 9.903689575E+02 3.034377188E+05 1.902508179E+03 -1.045555782E+01
 1.267180592E-01 1.208291562E+05 1.355258179E+03 9.869954834E+02 3.039044375E+05 1.902465576E+03 -1.043846321E+01
 1.267508715E-01 1.208417422E+05 1.355311035E+03 9.836220703E+02 3.043711562E+05 1.902422974E+03 -1.042136955E+01
 1.267836839E-01 1.208546250E+05 1.355400269E+03 9.788995972E+02 3.048250000E+05 1.902352783E+03 -1.039701176E+01
 1.268164814E-01 1.208676250E+05 1.355503540E+03 9.736564941E+02 3.052739062E+05 1.902271973E+03 -1.036984921E+01
 1.268492937E-01 1.208806328E+05 1.355606934E+03 9.684133911E+02 3.057228438E+05 1.902191040E+03 -1.034268761E+01
 1.268821061E-01 1.208936328E+05 1.355710205E+03 9.631702881E+02 3.061717500E+05 1.902110229E+03 -1.031552505E+01
 1.269149184E-01 1.209066328E+05 1.355813599E+03 9.579271851E+02 3.066206562E+05 1.902029297E+03 -1.028836346E+01
 1.269477308E-01 1.209200781E+05 1.355976318E+03 9.506395264E+02 3.070569688E+05 1.901906860E+03 -1.025219822E+01
 1.269805282E-01 1.209335391E+05 1.356140991E+03 9.432816162E+02 3.074928438E+05 1.901782837E+03 -1.021572304E+01
 1.270133406E-01 1.209470000E+05 1.356305786E+03 9.359237061E+02 3.079287188E+05 1.901658936E+03 -1.017924881E+01
 1.270461529E-01 1.209604609E+05 1.356470581E+03 9.285657959E+02 3.083646250E+05 1.901535034E+03 -1.014277363E+01
 1.270789653E-01 1.209740000E+05 1.356650024E+03 9.207852783E+02 3.088005000E+05 1.901402100E+03 -1.010444355E+01
 1.271117777E-01 1.209878203E+05 1.356884521E+03 9.114341431E+02 3.092364062E+05 1.901235718E+03 -1.005922127E+01
 1.271445751E-01 1.210016328E+05 1.357119019E+03 9.020829468E+02 3.096723125E+05 1.901069214E+03 -1.001399899E+01
 1.271773875E-01 1.210154531E+05 1.357353516E+03 8.927318115E+02 3.101082188E+05 1.900902832E+03 -9.968775749E+00
 1.272101998E-01 1.210292734E+05 1.357588013E+03 8.833806763E+02 3.105441250E+05 1.900736450E+03 -9.923553467E+00
 1.272430122E-01 1.210431172E+05 1.357858032E+03 8.734358521E+02 3.109913438E+05 1.900553101E+03 -9.874439240E+00
 1.272758245E-01 1.210569922E+05 1.358170532E+03 8.627863159E+02 3.114519375E+05 1.900349731E+03 -9.820705414E+00
 1.273086220E-01 1.210708750E+05 1.358483032E+03 8.521368408E+02 3.119125625E+05 1.900146362E+03 -9.766972542E+00
 1.273414344E-01 1.210847500E+05 1.358795532E+03 8.414873047E+02 3.123731875E+05 1.899942993E+03 -9.713238716E+00
 1.273742467E-01 1.210986250E+05 1.359108032E+03 8.308378296E+02 3.128337812E+05 1.899739746E+03 -9.659505844E+00
 1.274070591E-01 1.211122344E+05 1.359487305E+03 8.201167603E+02 3.133502812E+05 1.899513672E+03 -9.599569321E+00
 1.274398714E-01 1.211257188E+05 1.359895020E+03 8.093652954E+02 3.138904375E+05 1.899278076E+03 -9.537007332E+00
 1.274726689E-01 1.211392109E+05 1.360302734E+03 7.986138916E+02 3.144306250E+05 1.899042480E+03 -9.474445343E+00
 1.275054812E-01 1.211527031E+05 1.360710449E+03 7.878624268E+02 3.149707812E+05 1.898806885E+03 -9.411883354E+00
 1.275382936E-01 1.211661875E+05 1.361118164E+03 7.771110229E+02 3.155109375E+05 1.898571289E+03 -9.349321365E+00
 1.275711060E-01 1.211787344E+05 1.361665771E+03 7.678939819E+02 3.163135000E+05 1.898289673E+03 -9.276956558E+00
 1.276039183E-01 1.211912188E+05 1.362221191E+03 7.587614136E+02 3.171305312E+05 1.898005615E+03 -9.204051971E+00
 1.276367158E-01 1.212037109E+05 1.362776489E+03 7.496289062E+02 3.179475312E+05 1.897721558E+03 -9.131147385E+00
 1.276695281E-01 1.212162031E+05 1.363331909E+03 7.404963379E+02 3.187645625E+05 1.897437500E+03 -9.058242798E+00
 1.277023405E-01 1.212282656E+05 1.363945557E+03 7.323626099E+02 3.198070938E+05 1.897125000E+03 -8.982565880E+00
 1.277351528E-01 1.212385781E+05 1.364802734E+03 7.284038696E+02 3.217922188E+05 1.896693726E+03 -8.895305634E+00
 1.277679652E-01 1.212488828E+05 1.365660034E+03 7.244450684E+02 3.237773438E+05 1.896262573E+03 -8.808045387E+00
 1.278007627E-01 1.212591953E+05 1.366517334E+03 7.204862671E+02 3.257624688E+05 1.895831299E+03 -8.720785141E+00
 1.278335750E-01 1.212695000E+05 1.367374512E+03 7.165274658E+02 3.277475938E+05 1.895400024E+03 -8.633525848E+00
 1.278663874E-01 1.212775391E+05 1.368530029E+03 7.201527710E+02 3.320731562E+05 1.894753906E+03 -8.536275864E+00
 1.278991997E-01 1.212826641E+05 1.370067505E+03 7.334971924E+02 3.393980000E+05 1.893832397E+03 -8.426226616E+00
 1.279320121E-01 1.212877969E+05 1.371605103E+03 7.468416138E+02 3.467228750E+05 1.892910767E+03 -8.316176414E+00
 1.279648095E-01 1.212929219E+05 1.373142578E+03 7.601860962E+02 3.540477188E+05 1.891989258E+03 -8.206127167E+00
 1.279976219E-01 1.212980469E+05 1.374680176E+03 7.735305176E+02 3.613725625E+05 1.891067749E+03 -8.096076965E+00
 1.280304343E-01 1.212944609E+05 1.377134399E+03 8.248834229E+02 3.806964062E+05 1.889217896E+03 -7.962959290E+00
 1.280632466E-01 1.212868594E+05 1.380012207E+03 8.937949829E+02 4.055634062E+05 1.886939209E+03 -7.819185257E+00
 1.280960590E-01 1.212792500E+05 1.382889893E+03 9.627066040E+02 4.304304062E+05 1.884660645E+03 -7.675411701E+00
 1.281288564E-01 1.212716406E+05 1.385767700E+03 1.031618164E+03 4.552973750E+05 1.882381958E+03 -7.531637669E+00
 1.281616688E-01 1.212640312E+05 1.388645386E+03 1.100529663E+03 4.801643750E+05 1.880103394E+03 -7.387864113E+00
 1.281944811E-01 1.212381797E+05 1.392837158E+03 1.271023926E+03 5.256024375E+05 1.875727051E+03 -7.215645313E+00
 1.282272935E-01 1.212109375E+05 1.397128906E+03 1.449250977E+03 5.726065000E+05 1.871191040E+03 -7.041262627E+00
 1.282601058E-01 1.211836953E+05 1.401420654E+03 1.627477905E+03 6.196105625E+05 1.866655151E+03 -6.866879463E+00
 1.282929033E-01 1.211564531E+05 1.405712402E+03 1.805704834E+03 6.666145625E+05 1.862119141E+03 -6.692496300E+00
 1.283257157E-01 1.211230859E+05 1.410360840E+03 2.018921509E+03 7.174921250E+05 1.856850342E+03 -6.504902363E+00
 1.283585280E-01 1.210607344E+05 1.416696533E+03 2.397649170E+03 7.866928750E+05 1.848115234E+03 -6.254821777E+00
 1.283913404E-01 1.209983906E+05 1.423032227E+03 2.776376953E+03 8.558936875E+05 1.839380127E+03 -6.004740715E+00
 1.284241527E-01 1.209360469E+05 1.429368042E+03 3.155104492E+03 9.250944375E+05 1.830645020E+03 -5.754660130E+00
 1.284569502E-01 1.208550391E+05 1.435566284E+03 3.627297852E+03 9.885603750E+05 1.819811523E+03 -5.503043175E+00
 1.284897625E-01 1.207702031E+05 1.441736206E+03 4.118699707E+03 1.050847750E+06 1.808546875E+03 -5.251111507E+00
 1.285225749E-01 1.206853672E+05 1.447906250E+03 4.610101562E+03 1.113135125E+06 1.797282104E+03 -4.999179840E+00
 1.285553873E-01 1.205852969E+05 1.453817505E+03 5.190673828E+03 1.176776625E+06 1.783530029E+03 -4.747933865E+00
 1.285881996E-01 1.204825078E+05 1.459682617E+03 5.787189453E+03 1.240660375E+06 1.769333130E+03 -4.496811390E+00
 1.286209971E-01 1.203775078E+05 1.465362427E+03 6.395200684E+03 1.305753250E+06 1.754703125E+03 -4.247617722E+00
 1.286538094E-01 1.202631797E+05 1.470257446E+03 7.051917480E+03 1.375969250E+06 1.738238037E+03 -4.006601810E+00
 1.286866218E-01 1.201488438E+05 1.475152588E+03 7.708633789E+03 1.446185375E+06 1.721772827E+03 -3.765585661E+00
 1.287194341E-01 1.200288672E+05 1.478915649E+03 8.387871094E+03 1.525487000E+06 1.703911133E+03 -3.537897825E+00
 1.287522465E-01 1.199076719E+05 1.482433594E+03 9.071984375E+03 1.606756250E+06 1.685747070E+03 -3.313097477E+00
 1.287850440E-01 1.197798672E+05 1.484863403E+03 9.785555664E+03 1.702476500E+06 1.666345215E+03 -3.094428539E+00
 1.288178563E-01 1.196493672E+05 1.486849854E+03 1.051112598E+04 1.804084250E+06 1.646439209E+03 -2.878258705E+00
 1.288506687E-01 1.195054219E+05 1.487481079E+03 1.130431641E+04 1.936129750E+06 1.624656616E+03 -2.657246113E+00
 1.288834810E-01 1.193552734E+05 1.487559692E+03 1.212859863E+04 2.082644000E+06 1.602035278E+03 -2.432663679E+00
 1.289162934E-01 1.191858828E+05 1.486106445E+03 1.304917578E+04 2.275171000E+06 1.576877075E+03 -2.193615198E+00
 1.289490908E-01 1.189998359E+05 1.483308228E+03 1.405028711E+04 2.513477750E+06 1.549260010E+03 -1.940971136E+00
 1.289819032E-01 1.187975469E+05 1.479041748E+03 1.512628223E+04 2.801778500E+06 1.518913086E+03 -1.675534248E+00
 1.290147156E-01 1.185774922E+05 1.472814087E+03 1.627672168E+04 3.155822750E+06 1.484881714E+03 -1.397143364E+00
 1.290475279E-01 1.183439375E+05 1.464036987E+03 1.746343555E+04 3.588533750E+06 1.446186890E+03 -1.112153172E+00
 1.290803403E-01 1.181083828E+05 1.452092896E+03 1.860258594E+04 4.107438000E+06 1.402092651E+03 -8.348063827E-01
 1.291131377E-01 1.178866406E+05 1.436415894E+03 1.958883984E+04 4.723278500E+06 1.352260010E+03 -5.840278268E-01
 1.291459501E-01 1.176929922E+05 1.416427124E+03 2.033389648E+04 5.468550500E+06 1.296394287E+03 -3.738305271E-01
 1.291787624E-01 1.175459062E+05 1.390289795E+03 2.071098047E+04 6.472150500E+06 1.232534058E+03 -2.177541703E-01
 1.292115748E-01 1.174573203E+05 1.355588989E+03 2.063114844E+04 8.006701500E+06 1.157859497E+03 -1.145030260E-01
 1.292443871E-01 1.174523672E+05 1.305301758E+03 1.988326758E+04 1.093903800E+07 1.063421631E+03 -5.676493421E-02
 1.292771846E-01 1.176353906E+05 1.216696655E+03 1.769744141E+04 1.888191400E+07 9.212947388E+02 -2.739962004E-02
 1.293099970E-01 1.192799062E+05 9.181851807E+02 7.793413086E+03 8.891088800E+07 5.501150513E+02 -9.482565336E-03
